---> Starting with dimension 16  and correlation 0 
Run: 1 out of 10  -  2025-06-06 17:46:22.828512 with b: -2 
--------------------------------------
Run: 2 out of 10  -  2025-06-06 17:46:22.83035 with b: -2 
--------------------------------------
Run: 3 out of 10  -  2025-06-06 17:46:22.833925 with b: -2 
--------------------------------------
Run: 4 out of 10  -  2025-06-06 17:46:22.834347 with b: -2 
--------------------------------------
Run: 5 out of 10  -  2025-06-06 17:46:22.83475 with b: -2 
--------------------------------------
Run: 6 out of 10  -  2025-06-06 17:46:22.835145 with b: -2 
--------------------------------------
Run: 7 out of 10  -  2025-06-06 17:46:22.835524 with b: -2 
--------------------------------------
Run: 8 out of 10  -  2025-06-06 17:46:22.83592 with b: -2 
--------------------------------------
Run: 9 out of 10  -  2025-06-06 17:46:22.836318 with b: -2 
--------------------------------------
Run: 10 out of 10  -  2025-06-06 17:46:22.836699 with b: -2 
--------------------------------------

 1 / 20 
Run: 1 out of 10  -  2025-06-06 17:46:22.837091 with b: -1.789 
--------------------------------------
Run: 2 out of 10  -  2025-06-06 17:46:22.837467 with b: -1.789 
--------------------------------------
Run: 3 out of 10  -  2025-06-06 17:46:22.837841 with b: -1.789 
--------------------------------------
Run: 4 out of 10  -  2025-06-06 17:46:22.838234 with b: -1.789 
--------------------------------------
Run: 5 out of 10  -  2025-06-06 17:46:22.838618 with b: -1.789 
--------------------------------------
Run: 6 out of 10  -  2025-06-06 17:46:22.838996 with b: -1.789 
--------------------------------------
Run: 7 out of 10  -  2025-06-06 17:46:22.839392 with b: -1.789 
--------------------------------------
Run: 8 out of 10  -  2025-06-06 17:46:22.83978 with b: -1.789 
--------------------------------------
Run: 9 out of 10  -  2025-06-06 17:46:22.840189 with b: -1.789 
--------------------------------------
Run: 10 out of 10  -  2025-06-06 17:46:22.84058 with b: -1.789 
--------------------------------------

 2 / 20 
Run: 1 out of 10  -  2025-06-06 17:46:22.840972 with b: -1.579 
--------------------------------------
Run: 2 out of 10  -  2025-06-06 17:46:22.841367 with b: -1.579 
--------------------------------------
Run: 3 out of 10  -  2025-06-06 17:46:22.841762 with b: -1.579 
--------------------------------------
Run: 4 out of 10  -  2025-06-06 17:46:22.842152 with b: -1.579 
--------------------------------------
Run: 5 out of 10  -  2025-06-06 17:46:22.842545 with b: -1.579 
--------------------------------------
Run: 6 out of 10  -  2025-06-06 17:46:22.842989 with b: -1.579 
--------------------------------------
Run: 7 out of 10  -  2025-06-06 17:46:22.843415 with b: -1.579 
--------------------------------------
Run: 8 out of 10  -  2025-06-06 17:46:22.843812 with b: -1.579 
--------------------------------------
Run: 9 out of 10  -  2025-06-06 17:46:22.844307 with b: -1.579 
--------------------------------------
Run: 10 out of 10  -  2025-06-06 17:46:22.844696 with b: -1.579 
--------------------------------------

 3 / 20 
Run: 1 out of 10  -  2025-06-06 17:46:22.845153 with b: -1.368 
--------------------------------------
Run: 2 out of 10  -  2025-06-06 17:46:22.845615 with b: -1.368 
--------------------------------------
Run: 3 out of 10  -  2025-06-06 17:46:22.846046 with b: -1.368 
--------------------------------------
Run: 4 out of 10  -  2025-06-06 17:46:22.846432 with b: -1.368 
--------------------------------------
Run: 5 out of 10  -  2025-06-06 17:46:22.846838 with b: -1.368 
--------------------------------------
Run: 6 out of 10  -  2025-06-06 17:46:22.847245 with b: -1.368 
--------------------------------------
Run: 7 out of 10  -  2025-06-06 17:46:22.847665 with b: -1.368 
--------------------------------------
Run: 8 out of 10  -  2025-06-06 17:46:22.848076 with b: -1.368 
--------------------------------------
Run: 9 out of 10  -  2025-06-06 17:46:22.848477 with b: -1.368 
--------------------------------------
Run: 10 out of 10  -  2025-06-06 17:46:22.848857 with b: -1.368 
--------------------------------------

 4 / 20 
Run: 1 out of 10  -  2025-06-06 17:46:22.849277 with b: -1.158 
--------------------------------------
Run: 2 out of 10  -  2025-06-06 17:46:22.84966 with b: -1.158 
--------------------------------------
Run: 3 out of 10  -  2025-06-06 17:46:22.850044 with b: -1.158 
--------------------------------------
Run: 4 out of 10  -  2025-06-06 17:46:22.850434 with b: -1.158 
--------------------------------------
Run: 5 out of 10  -  2025-06-06 17:46:22.85083 with b: -1.158 
--------------------------------------
Run: 6 out of 10  -  2025-06-06 17:46:22.851234 with b: -1.158 
--------------------------------------
Run: 7 out of 10  -  2025-06-06 17:46:22.851644 with b: -1.158 
--------------------------------------
Run: 8 out of 10  -  2025-06-06 17:46:22.852031 with b: -1.158 
--------------------------------------
Run: 9 out of 10  -  2025-06-06 17:46:22.852432 with b: -1.158 
--------------------------------------
Run: 10 out of 10  -  2025-06-06 17:46:22.852815 with b: -1.158 
--------------------------------------

 5 / 20 
Run: 1 out of 10  -  2025-06-06 17:46:22.853213 with b: -0.947 
--------------------------------------
Run: 2 out of 10  -  2025-06-06 17:46:22.853597 with b: -0.947 
--------------------------------------
Run: 3 out of 10  -  2025-06-06 17:46:22.853996 with b: -0.947 
--------------------------------------
Run: 4 out of 10  -  2025-06-06 17:46:22.854398 with b: -0.947 
--------------------------------------
Run: 5 out of 10  -  2025-06-06 17:46:22.854781 with b: -0.947 
--------------------------------------
Run: 6 out of 10  -  2025-06-06 17:46:22.855182 with b: -0.947 
--------------------------------------
Run: 7 out of 10  -  2025-06-06 17:46:22.855574 with b: -0.947 
--------------------------------------
Run: 8 out of 10  -  2025-06-06 17:46:22.855947 with b: -0.947 
--------------------------------------
Run: 9 out of 10  -  2025-06-06 17:46:22.856349 with b: -0.947 
--------------------------------------
Run: 10 out of 10  -  2025-06-06 17:46:22.856744 with b: -0.947 
--------------------------------------

 6 / 20 
Run: 1 out of 10  -  2025-06-06 17:46:22.857158 with b: -0.737 
--------------------------------------
Run: 2 out of 10  -  2025-06-06 17:46:22.857541 with b: -0.737 
--------------------------------------
Run: 3 out of 10  -  2025-06-06 17:46:22.857935 with b: -0.737 
--------------------------------------
Run: 4 out of 10  -  2025-06-06 17:46:22.858321 with b: -0.737 
--------------------------------------
Run: 5 out of 10  -  2025-06-06 17:46:22.858721 with b: -0.737 
--------------------------------------
Run: 6 out of 10  -  2025-06-06 17:46:22.859115 with b: -0.737 
--------------------------------------
Run: 7 out of 10  -  2025-06-06 17:46:22.859512 with b: -0.737 
--------------------------------------
Run: 8 out of 10  -  2025-06-06 17:46:22.859917 with b: -0.737 
--------------------------------------
Run: 9 out of 10  -  2025-06-06 17:46:22.860312 with b: -0.737 
--------------------------------------
Run: 10 out of 10  -  2025-06-06 17:46:22.860692 with b: -0.737 
--------------------------------------

 7 / 20 
Run: 1 out of 10  -  2025-06-06 17:46:22.861111 with b: -0.526 
--------------------------------------
Run: 2 out of 10  -  2025-06-06 17:46:22.8615 with b: -0.526 
--------------------------------------
Run: 3 out of 10  -  2025-06-06 17:46:22.861981 with b: -0.526 
--------------------------------------
Run: 4 out of 10  -  2025-06-06 17:46:22.862454 with b: -0.526 
--------------------------------------
Run: 5 out of 10  -  2025-06-06 17:46:22.862886 with b: -0.526 
--------------------------------------
Run: 6 out of 10  -  2025-06-06 17:46:22.863296 with b: -0.526 
--------------------------------------
Run: 7 out of 10  -  2025-06-06 17:46:22.863683 with b: -0.526 
--------------------------------------
Run: 8 out of 10  -  2025-06-06 17:46:22.864095 with b: -0.526 
--------------------------------------
Run: 9 out of 10  -  2025-06-06 17:46:22.864487 with b: -0.526 
--------------------------------------
Run: 10 out of 10  -  2025-06-06 17:46:22.864885 with b: -0.526 
--------------------------------------

 8 / 20 
Run: 1 out of 10  -  2025-06-06 17:46:22.865285 with b: -0.316 
--------------------------------------
Run: 2 out of 10  -  2025-06-06 17:46:22.865668 with b: -0.316 
--------------------------------------
Run: 3 out of 10  -  2025-06-06 17:46:22.866076 with b: -0.316 
--------------------------------------
Run: 4 out of 10  -  2025-06-06 17:46:22.866462 with b: -0.316 
--------------------------------------
Run: 5 out of 10  -  2025-06-06 17:46:22.866863 with b: -0.316 
--------------------------------------
Run: 6 out of 10  -  2025-06-06 17:46:22.867252 with b: -0.316 
--------------------------------------
Run: 7 out of 10  -  2025-06-06 17:46:22.867635 with b: -0.316 
--------------------------------------
Run: 8 out of 10  -  2025-06-06 17:46:22.868026 with b: -0.316 
--------------------------------------
Run: 9 out of 10  -  2025-06-06 17:46:22.868417 with b: -0.316 
--------------------------------------
Run: 10 out of 10  -  2025-06-06 17:46:22.868811 with b: -0.316 
--------------------------------------

 9 / 20 
Run: 1 out of 10  -  2025-06-06 17:46:22.869198 with b: -0.105 
--------------------------------------
Run: 2 out of 10  -  2025-06-06 17:46:22.869599 with b: -0.105 
--------------------------------------
Run: 3 out of 10  -  2025-06-06 17:46:22.869992 with b: -0.105 
--------------------------------------
Run: 4 out of 10  -  2025-06-06 17:46:22.870393 with b: -0.105 
--------------------------------------
Run: 5 out of 10  -  2025-06-06 17:46:22.87078 with b: -0.105 
--------------------------------------
Run: 6 out of 10  -  2025-06-06 17:46:22.871181 with b: -0.105 
--------------------------------------
Run: 7 out of 10  -  2025-06-06 17:46:22.871561 with b: -0.105 
--------------------------------------
Run: 8 out of 10  -  2025-06-06 17:46:22.871958 with b: -0.105 
--------------------------------------
Run: 9 out of 10  -  2025-06-06 17:46:22.872347 with b: -0.105 
--------------------------------------
Run: 10 out of 10  -  2025-06-06 17:46:22.872752 with b: -0.105 
--------------------------------------

 10 / 20 
Run: 1 out of 10  -  2025-06-06 17:46:22.873143 with b: 0.105 
--------------------------------------
Run: 2 out of 10  -  2025-06-06 17:46:22.873541 with b: 0.105 
--------------------------------------
Run: 3 out of 10  -  2025-06-06 17:46:22.873926 with b: 0.105 
--------------------------------------
Run: 4 out of 10  -  2025-06-06 17:46:22.874333 with b: 0.105 
--------------------------------------
Run: 5 out of 10  -  2025-06-06 17:46:22.874717 with b: 0.105 
--------------------------------------
Run: 6 out of 10  -  2025-06-06 17:46:22.875121 with b: 0.105 
--------------------------------------
Run: 7 out of 10  -  2025-06-06 17:46:22.875503 with b: 0.105 
--------------------------------------
Run: 8 out of 10  -  2025-06-06 17:46:22.875893 with b: 0.105 
--------------------------------------
Run: 9 out of 10  -  2025-06-06 17:46:22.876289 with b: 0.105 
--------------------------------------
Run: 10 out of 10  -  2025-06-06 17:46:22.876667 with b: 0.105 
--------------------------------------

 11 / 20 
Run: 1 out of 10  -  2025-06-06 17:46:22.877076 with b: 0.316 
--------------------------------------
Run: 2 out of 10  -  2025-06-06 17:46:22.877464 with b: 0.316 
--------------------------------------
Run: 3 out of 10  -  2025-06-06 17:46:22.87785 with b: 0.316 
--------------------------------------
Run: 4 out of 10  -  2025-06-06 17:46:22.878249 with b: 0.316 
--------------------------------------
Run: 5 out of 10  -  2025-06-06 17:46:22.878626 with b: 0.316 
--------------------------------------
Run: 6 out of 10  -  2025-06-06 17:46:22.882763 with b: 0.316 
--------------------------------------
Run: 7 out of 10  -  2025-06-06 17:46:22.883189 with b: 0.316 
--------------------------------------
Run: 8 out of 10  -  2025-06-06 17:46:22.883573 with b: 0.316 
--------------------------------------
Run: 9 out of 10  -  2025-06-06 17:46:22.883945 with b: 0.316 
--------------------------------------
Run: 10 out of 10  -  2025-06-06 17:46:22.884349 with b: 0.316 
--------------------------------------

 12 / 20 
Run: 1 out of 10  -  2025-06-06 17:46:22.884724 with b: 0.526 
--------------------------------------
Run: 2 out of 10  -  2025-06-06 17:46:22.885098 with b: 0.526 
--------------------------------------
Run: 3 out of 10  -  2025-06-06 17:46:22.885499 with b: 0.526 
--------------------------------------
Run: 4 out of 10  -  2025-06-06 17:46:22.885871 with b: 0.526 
--------------------------------------
Run: 5 out of 10  -  2025-06-06 17:46:22.886267 with b: 0.526 
--------------------------------------
Run: 6 out of 10  -  2025-06-06 17:46:22.886638 with b: 0.526 
--------------------------------------
Run: 7 out of 10  -  2025-06-06 17:46:22.887016 with b: 0.526 
--------------------------------------
Run: 8 out of 10  -  2025-06-06 17:46:22.887386 with b: 0.526 
--------------------------------------
Run: 9 out of 10  -  2025-06-06 17:46:22.887764 with b: 0.526 
--------------------------------------
Run: 10 out of 10  -  2025-06-06 17:46:22.888138 with b: 0.526 
--------------------------------------

 13 / 20 
Run: 1 out of 10  -  2025-06-06 17:46:22.888754 with b: 0.737 
--------------------------------------
Run: 2 out of 10  -  2025-06-06 17:46:22.889282 with b: 0.737 
--------------------------------------
Run: 3 out of 10  -  2025-06-06 17:46:22.88968 with b: 0.737 
--------------------------------------
Run: 4 out of 10  -  2025-06-06 17:46:22.890055 with b: 0.737 
--------------------------------------
Run: 5 out of 10  -  2025-06-06 17:46:22.890439 with b: 0.737 
--------------------------------------
Run: 6 out of 10  -  2025-06-06 17:46:22.890806 with b: 0.737 
--------------------------------------
Run: 7 out of 10  -  2025-06-06 17:46:22.89118 with b: 0.737 
--------------------------------------
Run: 8 out of 10  -  2025-06-06 17:46:22.89155 with b: 0.737 
--------------------------------------
Run: 9 out of 10  -  2025-06-06 17:46:22.89191 with b: 0.737 
--------------------------------------
Run: 10 out of 10  -  2025-06-06 17:46:22.892301 with b: 0.737 
--------------------------------------

 14 / 20 
Run: 1 out of 10  -  2025-06-06 17:46:22.892677 with b: 0.947 
--------------------------------------
Run: 2 out of 10  -  2025-06-06 17:46:22.893064 with b: 0.947 
--------------------------------------
Run: 3 out of 10  -  2025-06-06 17:46:22.893431 with b: 0.947 
--------------------------------------
Run: 4 out of 10  -  2025-06-06 17:46:22.893814 with b: 0.947 
--------------------------------------
Run: 5 out of 10  -  2025-06-06 17:46:22.894184 with b: 0.947 
--------------------------------------
Run: 6 out of 10  -  2025-06-06 17:46:22.894567 with b: 0.947 
--------------------------------------
Run: 7 out of 10  -  2025-06-06 17:46:22.894931 with b: 0.947 
--------------------------------------
Run: 8 out of 10  -  2025-06-06 17:46:22.895312 with b: 0.947 
--------------------------------------
Run: 9 out of 10  -  2025-06-06 17:46:22.895696 with b: 0.947 
--------------------------------------
Run: 10 out of 10  -  2025-06-06 17:46:22.896122 with b: 0.947 
--------------------------------------

 15 / 20 
Run: 1 out of 10  -  2025-06-06 17:46:22.896545 with b: 1.158 
--------------------------------------
Run: 2 out of 10  -  2025-06-06 17:46:22.89694 with b: 1.158 
--------------------------------------
Run: 3 out of 10  -  2025-06-06 17:46:22.897328 with b: 1.158 
--------------------------------------
Run: 4 out of 10  -  2025-06-06 17:46:22.897712 with b: 1.158 
--------------------------------------
Run: 5 out of 10  -  2025-06-06 17:46:22.898097 with b: 1.158 
--------------------------------------
Run: 6 out of 10  -  2025-06-06 17:46:22.898461 with b: 1.158 
--------------------------------------
Run: 7 out of 10  -  2025-06-06 17:46:22.898838 with b: 1.158 
--------------------------------------
Run: 8 out of 10  -  2025-06-06 17:46:22.899216 with b: 1.158 
--------------------------------------
Run: 9 out of 10  -  2025-06-06 17:46:22.899598 with b: 1.158 
--------------------------------------
Run: 10 out of 10  -  2025-06-06 17:46:22.899975 with b: 1.158 
--------------------------------------

 16 / 20 
Run: 1 out of 10  -  2025-06-06 17:46:22.900383 with b: 1.368 
--------------------------------------
Run: 2 out of 10  -  2025-06-06 17:46:22.900767 with b: 1.368 
--------------------------------------
Run: 3 out of 10  -  2025-06-06 17:46:22.901216 with b: 1.368 
--------------------------------------
Run: 4 out of 10  -  2025-06-06 17:46:22.901603 with b: 1.368 
--------------------------------------
Run: 5 out of 10  -  2025-06-06 17:46:22.902014 with b: 1.368 
--------------------------------------
Run: 6 out of 10  -  2025-06-06 17:46:22.902445 with b: 1.368 
--------------------------------------
Run: 7 out of 10  -  2025-06-06 17:46:22.90285 with b: 1.368 
--------------------------------------
Run: 8 out of 10  -  2025-06-06 17:46:22.903242 with b: 1.368 
--------------------------------------
Run: 9 out of 10  -  2025-06-06 17:46:22.90364 with b: 1.368 
--------------------------------------
Run: 10 out of 10  -  2025-06-06 17:46:22.904015 with b: 1.368 
--------------------------------------

 17 / 20 
Run: 1 out of 10  -  2025-06-06 17:46:22.904442 with b: 1.579 
--------------------------------------
Run: 2 out of 10  -  2025-06-06 17:46:22.904877 with b: 1.579 
--------------------------------------
Run: 3 out of 10  -  2025-06-06 17:46:22.905313 with b: 1.579 
--------------------------------------
Run: 4 out of 10  -  2025-06-06 17:46:22.905735 with b: 1.579 
--------------------------------------
Run: 5 out of 10  -  2025-06-06 17:46:22.906147 with b: 1.579 
--------------------------------------
Run: 6 out of 10  -  2025-06-06 17:46:22.90654 with b: 1.579 
--------------------------------------
Run: 7 out of 10  -  2025-06-06 17:46:22.906911 with b: 1.579 
--------------------------------------
Run: 8 out of 10  -  2025-06-06 17:46:22.907308 with b: 1.579 
--------------------------------------
Run: 9 out of 10  -  2025-06-06 17:46:22.907689 with b: 1.579 
--------------------------------------
Run: 10 out of 10  -  2025-06-06 17:46:22.90808 with b: 1.579 
--------------------------------------

 18 / 20 
Run: 1 out of 10  -  2025-06-06 17:46:22.908455 with b: 1.789 
--------------------------------------
Run: 2 out of 10  -  2025-06-06 17:46:22.908841 with b: 1.789 
--------------------------------------
Run: 3 out of 10  -  2025-06-06 17:46:22.909267 with b: 1.789 
--------------------------------------
Run: 4 out of 10  -  2025-06-06 17:46:22.90973 with b: 1.789 
--------------------------------------
Run: 5 out of 10  -  2025-06-06 17:46:22.910124 with b: 1.789 
--------------------------------------
Run: 6 out of 10  -  2025-06-06 17:46:22.910559 with b: 1.789 
--------------------------------------
Run: 7 out of 10  -  2025-06-06 17:46:22.910992 with b: 1.789 
--------------------------------------
Run: 8 out of 10  -  2025-06-06 17:46:22.911382 with b: 1.789 
--------------------------------------
Run: 9 out of 10  -  2025-06-06 17:46:22.911768 with b: 1.789 
--------------------------------------
Run: 10 out of 10  -  2025-06-06 17:46:22.912152 with b: 1.789 
--------------------------------------

 19 / 20 
Run: 1 out of 10  -  2025-06-06 17:46:22.912542 with b: 2 
--------------------------------------
Run: 2 out of 10  -  2025-06-06 17:46:22.912906 with b: 2 
--------------------------------------
Run: 3 out of 10  -  2025-06-06 17:46:22.913294 with b: 2 
--------------------------------------
Run: 4 out of 10  -  2025-06-06 17:46:22.913657 with b: 2 
--------------------------------------
Run: 5 out of 10  -  2025-06-06 17:46:22.914013 with b: 2 
--------------------------------------
Run: 6 out of 10  -  2025-06-06 17:46:22.914396 with b: 2 
--------------------------------------
Run: 7 out of 10  -  2025-06-06 17:46:22.914759 with b: 2 
--------------------------------------
Run: 8 out of 10  -  2025-06-06 17:46:22.915139 with b: 2 
--------------------------------------
Run: 9 out of 10  -  2025-06-06 17:46:22.915506 with b: 2 
--------------------------------------
Run: 10 out of 10  -  2025-06-06 17:46:22.915886 with b: 2 
--------------------------------------

 20 / 20 
---> Finished with dimension 16  and correlation 0 
---> Starting with dimension 64  and correlation 0 
Run: 1 out of 10  -  2025-06-06 17:46:22.916561 with b: -2 
--------------------------------------
Run: 2 out of 10  -  2025-06-06 17:46:22.919632 with b: -2 
--------------------------------------
Run: 3 out of 10  -  2025-06-06 17:46:22.934209 with b: -2 
--------------------------------------
Run: 4 out of 10  -  2025-06-06 17:46:22.937728 with b: -2 
--------------------------------------
Run: 5 out of 10  -  2025-06-06 17:46:22.940315 with b: -2 
--------------------------------------
Run: 6 out of 10  -  2025-06-06 17:46:22.942757 with b: -2 
--------------------------------------
Run: 7 out of 10  -  2025-06-06 17:46:22.945182 with b: -2 
--------------------------------------
Run: 8 out of 10  -  2025-06-06 17:46:22.947637 with b: -2 
--------------------------------------
Run: 9 out of 10  -  2025-06-06 17:46:22.950113 with b: -2 
--------------------------------------
Run: 10 out of 10  -  2025-06-06 17:46:22.95259 with b: -2 
--------------------------------------

 1 / 20 
Run: 1 out of 10  -  2025-06-06 17:46:22.955069 with b: -1.789 
--------------------------------------
Run: 2 out of 10  -  2025-06-06 17:46:22.957501 with b: -1.789 
--------------------------------------
Run: 3 out of 10  -  2025-06-06 17:46:22.95993 with b: -1.789 
--------------------------------------
Run: 4 out of 10  -  2025-06-06 17:46:22.962383 with b: -1.789 
--------------------------------------
Run: 5 out of 10  -  2025-06-06 17:46:22.964879 with b: -1.789 
--------------------------------------
Run: 6 out of 10  -  2025-06-06 17:46:22.967342 with b: -1.789 
--------------------------------------
Run: 7 out of 10  -  2025-06-06 17:46:22.969885 with b: -1.789 
--------------------------------------
Run: 8 out of 10  -  2025-06-06 17:46:22.972307 with b: -1.789 
--------------------------------------
Run: 9 out of 10  -  2025-06-06 17:46:22.974748 with b: -1.789 
--------------------------------------
Run: 10 out of 10  -  2025-06-06 17:46:22.977186 with b: -1.789 
--------------------------------------

 2 / 20 
Run: 1 out of 10  -  2025-06-06 17:46:22.979605 with b: -1.579 
--------------------------------------
Run: 2 out of 10  -  2025-06-06 17:46:22.982018 with b: -1.579 
--------------------------------------
Run: 3 out of 10  -  2025-06-06 17:46:23.014009 with b: -1.579 
--------------------------------------
Run: 4 out of 10  -  2025-06-06 17:46:23.015841 with b: -1.579 
--------------------------------------
Run: 5 out of 10  -  2025-06-06 17:46:23.017631 with b: -1.579 
--------------------------------------
Run: 6 out of 10  -  2025-06-06 17:46:23.019389 with b: -1.579 
--------------------------------------
Run: 7 out of 10  -  2025-06-06 17:46:23.021132 with b: -1.579 
--------------------------------------
Run: 8 out of 10  -  2025-06-06 17:46:23.02287 with b: -1.579 
--------------------------------------
Run: 9 out of 10  -  2025-06-06 17:46:23.024631 with b: -1.579 
--------------------------------------
Run: 10 out of 10  -  2025-06-06 17:46:23.026394 with b: -1.579 
--------------------------------------

 3 / 20 
Run: 1 out of 10  -  2025-06-06 17:46:23.02822 with b: -1.368 
--------------------------------------
Run: 2 out of 10  -  2025-06-06 17:46:23.029997 with b: -1.368 
--------------------------------------
Run: 3 out of 10  -  2025-06-06 17:46:23.031745 with b: -1.368 
--------------------------------------
Run: 4 out of 10  -  2025-06-06 17:46:23.033518 with b: -1.368 
--------------------------------------
Run: 5 out of 10  -  2025-06-06 17:46:23.076694 with b: -1.368 
--------------------------------------
Run: 6 out of 10  -  2025-06-06 17:46:23.082313 with b: -1.368 
--------------------------------------
Run: 7 out of 10  -  2025-06-06 17:46:23.121504 with b: -1.368 
--------------------------------------
Run: 8 out of 10  -  2025-06-06 17:46:23.123909 with b: -1.368 
--------------------------------------
Run: 9 out of 10  -  2025-06-06 17:46:23.127296 with b: -1.368 
--------------------------------------
Run: 10 out of 10  -  2025-06-06 17:46:23.129621 with b: -1.368 
--------------------------------------

 4 / 20 
Run: 1 out of 10  -  2025-06-06 17:46:23.132713 with b: -1.158 
--------------------------------------
Run: 2 out of 10  -  2025-06-06 17:46:23.135574 with b: -1.158 
--------------------------------------
Run: 3 out of 10  -  2025-06-06 17:46:23.139226 with b: -1.158 
--------------------------------------
Run: 4 out of 10  -  2025-06-06 17:46:23.145452 with b: -1.158 
--------------------------------------
Run: 5 out of 10  -  2025-06-06 17:46:23.148413 with b: -1.158 
--------------------------------------
Run: 6 out of 10  -  2025-06-06 17:46:23.158686 with b: -1.158 
--------------------------------------
Run: 7 out of 10  -  2025-06-06 17:46:23.161413 with b: -1.158 
--------------------------------------
Run: 8 out of 10  -  2025-06-06 17:46:23.164153 with b: -1.158 
--------------------------------------
Run: 9 out of 10  -  2025-06-06 17:46:23.167742 with b: -1.158 
--------------------------------------
Run: 10 out of 10  -  2025-06-06 17:46:23.170199 with b: -1.158 
--------------------------------------

 5 / 20 
Run: 1 out of 10  -  2025-06-06 17:46:23.17251 with b: -0.947 
--------------------------------------
Run: 2 out of 10  -  2025-06-06 17:46:23.174694 with b: -0.947 
--------------------------------------
Run: 3 out of 10  -  2025-06-06 17:46:23.17685 with b: -0.947 
--------------------------------------
Run: 4 out of 10  -  2025-06-06 17:46:23.178994 with b: -0.947 
--------------------------------------
Run: 5 out of 10  -  2025-06-06 17:46:23.181323 with b: -0.947 
--------------------------------------
Run: 6 out of 10  -  2025-06-06 17:46:23.183486 with b: -0.947 
--------------------------------------
Run: 7 out of 10  -  2025-06-06 17:46:23.196318 with b: -0.947 
--------------------------------------
Run: 8 out of 10  -  2025-06-06 17:46:23.20373 with b: -0.947 
--------------------------------------
Run: 9 out of 10  -  2025-06-06 17:46:23.207824 with b: -0.947 
--------------------------------------
Run: 10 out of 10  -  2025-06-06 17:46:23.21034 with b: -0.947 
--------------------------------------

 6 / 20 
Run: 1 out of 10  -  2025-06-06 17:46:23.212838 with b: -0.737 
--------------------------------------
Run: 2 out of 10  -  2025-06-06 17:46:23.215303 with b: -0.737 
--------------------------------------
Run: 3 out of 10  -  2025-06-06 17:46:23.217779 with b: -0.737 
--------------------------------------
Run: 4 out of 10  -  2025-06-06 17:46:23.220457 with b: -0.737 
--------------------------------------
Run: 5 out of 10  -  2025-06-06 17:46:23.222955 with b: -0.737 
--------------------------------------
Run: 6 out of 10  -  2025-06-06 17:46:23.225462 with b: -0.737 
--------------------------------------
Run: 7 out of 10  -  2025-06-06 17:46:23.234656 with b: -0.737 
--------------------------------------
Run: 8 out of 10  -  2025-06-06 17:46:23.237261 with b: -0.737 
--------------------------------------
Run: 9 out of 10  -  2025-06-06 17:46:23.23973 with b: -0.737 
--------------------------------------
Run: 10 out of 10  -  2025-06-06 17:46:23.242215 with b: -0.737 
--------------------------------------

 7 / 20 
Run: 1 out of 10  -  2025-06-06 17:46:23.244662 with b: -0.526 
--------------------------------------
Run: 2 out of 10  -  2025-06-06 17:46:23.295297 with b: -0.526 
--------------------------------------
Run: 3 out of 10  -  2025-06-06 17:46:23.302861 with b: -0.526 
--------------------------------------
Run: 4 out of 10  -  2025-06-06 17:46:23.305959 with b: -0.526 
--------------------------------------
Run: 5 out of 10  -  2025-06-06 17:46:23.312079 with b: -0.526 
--------------------------------------
Run: 6 out of 10  -  2025-06-06 17:46:23.318181 with b: -0.526 
--------------------------------------
Run: 7 out of 10  -  2025-06-06 17:46:23.323592 with b: -0.526 
--------------------------------------
Run: 8 out of 10  -  2025-06-06 17:46:23.32732 with b: -0.526 
--------------------------------------
Run: 9 out of 10  -  2025-06-06 17:46:23.330132 with b: -0.526 
--------------------------------------
Run: 10 out of 10  -  2025-06-06 17:46:23.332622 with b: -0.526 
--------------------------------------

 8 / 20 
Run: 1 out of 10  -  2025-06-06 17:46:23.33512 with b: -0.316 
--------------------------------------
Run: 2 out of 10  -  2025-06-06 17:46:23.337642 with b: -0.316 
--------------------------------------
Run: 3 out of 10  -  2025-06-06 17:46:23.340131 with b: -0.316 
--------------------------------------
Run: 4 out of 10  -  2025-06-06 17:46:23.342642 with b: -0.316 
--------------------------------------
Run: 5 out of 10  -  2025-06-06 17:46:23.34514 with b: -0.316 
--------------------------------------
Run: 6 out of 10  -  2025-06-06 17:46:23.347628 with b: -0.316 
--------------------------------------
Run: 7 out of 10  -  2025-06-06 17:46:23.350169 with b: -0.316 
--------------------------------------
Run: 8 out of 10  -  2025-06-06 17:46:23.352664 with b: -0.316 
--------------------------------------
Run: 9 out of 10  -  2025-06-06 17:46:23.355164 with b: -0.316 
--------------------------------------
Run: 10 out of 10  -  2025-06-06 17:46:23.357652 with b: -0.316 
--------------------------------------

 9 / 20 
Run: 1 out of 10  -  2025-06-06 17:46:23.36016 with b: -0.105 
--------------------------------------
Run: 2 out of 10  -  2025-06-06 17:46:23.362653 with b: -0.105 
--------------------------------------
Run: 3 out of 10  -  2025-06-06 17:46:23.365139 with b: -0.105 
--------------------------------------
Run: 4 out of 10  -  2025-06-06 17:46:23.36761 with b: -0.105 
--------------------------------------
Run: 5 out of 10  -  2025-06-06 17:46:23.37009 with b: -0.105 
--------------------------------------
Run: 6 out of 10  -  2025-06-06 17:46:23.372509 with b: -0.105 
--------------------------------------
Run: 7 out of 10  -  2025-06-06 17:46:23.375099 with b: -0.105 
--------------------------------------
Run: 8 out of 10  -  2025-06-06 17:46:23.379112 with b: -0.105 
--------------------------------------
Run: 9 out of 10  -  2025-06-06 17:46:23.38294 with b: -0.105 
--------------------------------------
Run: 10 out of 10  -  2025-06-06 17:46:23.386671 with b: -0.105 
--------------------------------------

 10 / 20 
Run: 1 out of 10  -  2025-06-06 17:46:23.39046 with b: 0.105 
--------------------------------------
Run: 2 out of 10  -  2025-06-06 17:46:23.394203 with b: 0.105 
--------------------------------------
Run: 3 out of 10  -  2025-06-06 17:46:23.397956 with b: 0.105 
--------------------------------------
Run: 4 out of 10  -  2025-06-06 17:46:23.412721 with b: 0.105 
--------------------------------------
Run: 5 out of 10  -  2025-06-06 17:46:23.416443 with b: 0.105 
--------------------------------------
Run: 6 out of 10  -  2025-06-06 17:46:23.418933 with b: 0.105 
--------------------------------------
Run: 7 out of 10  -  2025-06-06 17:46:23.421345 with b: 0.105 
--------------------------------------
Run: 8 out of 10  -  2025-06-06 17:46:23.423826 with b: 0.105 
--------------------------------------
Run: 9 out of 10  -  2025-06-06 17:46:23.426297 with b: 0.105 
--------------------------------------
Run: 10 out of 10  -  2025-06-06 17:46:23.42887 with b: 0.105 
--------------------------------------

 11 / 20 
Run: 1 out of 10  -  2025-06-06 17:46:23.431387 with b: 0.316 
--------------------------------------
Run: 2 out of 10  -  2025-06-06 17:46:23.433794 with b: 0.316 
--------------------------------------
Run: 3 out of 10  -  2025-06-06 17:46:23.43633 with b: 0.316 
--------------------------------------
Run: 4 out of 10  -  2025-06-06 17:46:23.438813 with b: 0.316 
--------------------------------------
Run: 5 out of 10  -  2025-06-06 17:46:23.441271 with b: 0.316 
--------------------------------------
Run: 6 out of 10  -  2025-06-06 17:46:23.443716 with b: 0.316 
--------------------------------------
Run: 7 out of 10  -  2025-06-06 17:46:23.446199 with b: 0.316 
--------------------------------------
Run: 8 out of 10  -  2025-06-06 17:46:23.448638 with b: 0.316 
--------------------------------------
Run: 9 out of 10  -  2025-06-06 17:46:23.451055 with b: 0.316 
--------------------------------------
Run: 10 out of 10  -  2025-06-06 17:46:23.453455 with b: 0.316 
--------------------------------------

 12 / 20 
Run: 1 out of 10  -  2025-06-06 17:46:23.456008 with b: 0.526 
--------------------------------------
Run: 2 out of 10  -  2025-06-06 17:46:23.458485 with b: 0.526 
--------------------------------------
Run: 3 out of 10  -  2025-06-06 17:46:23.460987 with b: 0.526 
--------------------------------------
Run: 4 out of 10  -  2025-06-06 17:46:23.505101 with b: 0.526 
--------------------------------------
Run: 5 out of 10  -  2025-06-06 17:46:23.513395 with b: 0.526 
--------------------------------------
Run: 6 out of 10  -  2025-06-06 17:46:23.529926 with b: 0.526 
--------------------------------------
Run: 7 out of 10  -  2025-06-06 17:46:23.541043 with b: 0.526 
--------------------------------------
Run: 8 out of 10  -  2025-06-06 17:46:23.551814 with b: 0.526 
--------------------------------------
Run: 9 out of 10  -  2025-06-06 17:46:23.559972 with b: 0.526 
--------------------------------------
Run: 10 out of 10  -  2025-06-06 17:46:23.566448 with b: 0.526 
--------------------------------------

 13 / 20 
Run: 1 out of 10  -  2025-06-06 17:46:23.572225 with b: 0.737 
--------------------------------------
Run: 2 out of 10  -  2025-06-06 17:46:23.577076 with b: 0.737 
--------------------------------------
Run: 3 out of 10  -  2025-06-06 17:46:23.581936 with b: 0.737 
--------------------------------------
Run: 4 out of 10  -  2025-06-06 17:46:23.586169 with b: 0.737 
--------------------------------------
Run: 5 out of 10  -  2025-06-06 17:46:23.588171 with b: 0.737 
--------------------------------------
Run: 6 out of 10  -  2025-06-06 17:46:23.589973 with b: 0.737 
--------------------------------------
Run: 7 out of 10  -  2025-06-06 17:46:23.591926 with b: 0.737 
--------------------------------------
Run: 8 out of 10  -  2025-06-06 17:46:23.59387 with b: 0.737 
--------------------------------------
Run: 9 out of 10  -  2025-06-06 17:46:23.595796 with b: 0.737 
--------------------------------------
Run: 10 out of 10  -  2025-06-06 17:46:23.597602 with b: 0.737 
--------------------------------------

 14 / 20 
Run: 1 out of 10  -  2025-06-06 17:46:23.599473 with b: 0.947 
--------------------------------------
Run: 2 out of 10  -  2025-06-06 17:46:23.601316 with b: 0.947 
--------------------------------------
Run: 3 out of 10  -  2025-06-06 17:46:23.603149 with b: 0.947 
--------------------------------------
Run: 4 out of 10  -  2025-06-06 17:46:23.604983 with b: 0.947 
--------------------------------------
Run: 5 out of 10  -  2025-06-06 17:46:23.606823 with b: 0.947 
--------------------------------------
Run: 6 out of 10  -  2025-06-06 17:46:23.60866 with b: 0.947 
--------------------------------------
Run: 7 out of 10  -  2025-06-06 17:46:23.610496 with b: 0.947 
--------------------------------------
Run: 8 out of 10  -  2025-06-06 17:46:23.612344 with b: 0.947 
--------------------------------------
Run: 9 out of 10  -  2025-06-06 17:46:23.614221 with b: 0.947 
--------------------------------------
Run: 10 out of 10  -  2025-06-06 17:46:23.616058 with b: 0.947 
--------------------------------------

 15 / 20 
Run: 1 out of 10  -  2025-06-06 17:46:23.617906 with b: 1.158 
--------------------------------------
Run: 2 out of 10  -  2025-06-06 17:46:23.619744 with b: 1.158 
--------------------------------------
Run: 3 out of 10  -  2025-06-06 17:46:23.62157 with b: 1.158 
--------------------------------------
Run: 4 out of 10  -  2025-06-06 17:46:23.623389 with b: 1.158 
--------------------------------------
Run: 5 out of 10  -  2025-06-06 17:46:23.625247 with b: 1.158 
--------------------------------------
Run: 6 out of 10  -  2025-06-06 17:46:23.627075 with b: 1.158 
--------------------------------------
Run: 7 out of 10  -  2025-06-06 17:46:23.628927 with b: 1.158 
--------------------------------------
Run: 8 out of 10  -  2025-06-06 17:46:23.630752 with b: 1.158 
--------------------------------------
Run: 9 out of 10  -  2025-06-06 17:46:23.632624 with b: 1.158 
--------------------------------------
Run: 10 out of 10  -  2025-06-06 17:46:23.634454 with b: 1.158 
--------------------------------------

 16 / 20 
Run: 1 out of 10  -  2025-06-06 17:46:23.636273 with b: 1.368 
--------------------------------------
Run: 2 out of 10  -  2025-06-06 17:46:23.638121 with b: 1.368 
--------------------------------------
Run: 3 out of 10  -  2025-06-06 17:46:23.644505 with b: 1.368 
--------------------------------------
Run: 4 out of 10  -  2025-06-06 17:46:23.646336 with b: 1.368 
--------------------------------------
Run: 5 out of 10  -  2025-06-06 17:46:23.648158 with b: 1.368 
--------------------------------------
Run: 6 out of 10  -  2025-06-06 17:46:23.64997 with b: 1.368 
--------------------------------------
Run: 7 out of 10  -  2025-06-06 17:46:23.651751 with b: 1.368 
--------------------------------------
Run: 8 out of 10  -  2025-06-06 17:46:23.653539 with b: 1.368 
--------------------------------------
Run: 9 out of 10  -  2025-06-06 17:46:23.655325 with b: 1.368 
--------------------------------------
Run: 10 out of 10  -  2025-06-06 17:46:23.657102 with b: 1.368 
--------------------------------------

 17 / 20 
Run: 1 out of 10  -  2025-06-06 17:46:23.658909 with b: 1.579 
--------------------------------------
Run: 2 out of 10  -  2025-06-06 17:46:23.660729 with b: 1.579 
--------------------------------------
Run: 3 out of 10  -  2025-06-06 17:46:23.662527 with b: 1.579 
--------------------------------------
Run: 4 out of 10  -  2025-06-06 17:46:23.677252 with b: 1.579 
--------------------------------------
Run: 5 out of 10  -  2025-06-06 17:46:23.682173 with b: 1.579 
--------------------------------------
Run: 6 out of 10  -  2025-06-06 17:46:23.691795 with b: 1.579 
--------------------------------------
Run: 7 out of 10  -  2025-06-06 17:46:23.69547 with b: 1.579 
--------------------------------------
Run: 8 out of 10  -  2025-06-06 17:46:23.701164 with b: 1.579 
--------------------------------------
Run: 9 out of 10  -  2025-06-06 17:46:23.706694 with b: 1.579 
--------------------------------------
Run: 10 out of 10  -  2025-06-06 17:46:23.711694 with b: 1.579 
--------------------------------------

 18 / 20 
Run: 1 out of 10  -  2025-06-06 17:46:23.716701 with b: 1.789 
--------------------------------------
Run: 2 out of 10  -  2025-06-06 17:46:23.72171 with b: 1.789 
--------------------------------------
Run: 3 out of 10  -  2025-06-06 17:46:23.726629 with b: 1.789 
--------------------------------------
Run: 4 out of 10  -  2025-06-06 17:46:23.781585 with b: 1.789 
--------------------------------------
Run: 5 out of 10  -  2025-06-06 17:46:23.793082 with b: 1.789 
--------------------------------------
Run: 6 out of 10  -  2025-06-06 17:46:23.809248 with b: 1.789 
--------------------------------------
